x <- list()
x[1] <- 100


y <- list()
y[[1]] <- 100
